-10.000000 -0.952381
-9.900000 -0.951923
-9.800000 -0.951456
-9.700000 -0.950980
-9.600000 -0.950495
-9.500000 -0.950000
-9.400000 -0.949495
-9.300000 -0.948980
-9.200000 -0.948454
-9.100000 -0.947917
-9.000000 -0.947368
-8.900000 -0.946809
-8.800000 -0.946237
-8.700000 -0.945652
-8.600000 -0.945055
-8.500000 -0.944444
-8.400000 -0.943820
-8.300000 -0.943182
-8.200000 -0.942529
-8.100000 -0.941860
-8.000000 -0.941176
-7.900000 -0.940476
-7.800000 -0.939759
-7.700000 -0.939024
-7.600000 -0.938272
-7.500000 -0.937500
-7.400000 -0.936709
-7.300000 -0.935897
-7.200000 -0.935065
-7.100000 -0.934211
-7.000000 -0.933333
-6.900000 -0.932432
-6.800000 -0.931507
-6.700000 -0.930556
-6.600000 -0.929577
-6.500000 -0.928571
-6.400000 -0.927536
-6.300000 -0.926471
-6.200000 -0.925373
-6.100000 -0.924242
-6.000000 -0.923077
-5.900000 -0.921875
-5.800000 -0.920635
-5.700000 -0.919355
-5.600000 -0.918033
-5.500000 -0.916667
-5.400000 -0.915254
-5.300000 -0.913793
-5.200000 -0.912281
-5.100000 -0.910714
-5.000000 -0.909091
-4.900000 -0.907407
-4.800000 -0.905660
-4.700000 -0.903846
-4.600000 -0.901961
-4.500000 -0.900000
-4.400000 -0.897959
-4.300000 -0.895833
-4.200000 -0.893617
-4.100000 -0.891304
-4.000000 -0.888889
-3.900000 -0.886364
-3.800000 -0.883721
-3.700000 -0.880952
-3.600000 -0.878049
-3.500000 -0.875000
-3.400000 -0.871795
-3.300000 -0.868421
-3.200000 -0.864865
-3.100000 -0.861111
-3.000000 -0.857143
-2.900000 -0.852941
-2.800000 -0.848485
-2.700000 -0.843750
-2.600000 -0.838710
-2.500000 -0.833333
-2.400000 -0.827586
-2.300000 -0.821429
-2.200000 -0.814815
-2.100000 -0.807692
-2.000000 -0.800000
-1.900000 -0.791667
-1.800000 -0.782609
-1.700000 -0.772727
-1.600000 -0.761905
-1.500000 -0.750000
-1.400000 -0.736842
-1.300000 -0.722222
-1.200000 -0.705882
-1.100000 -0.687500
-1.000000 -0.666667
-0.900000 -0.642857
-0.800000 -0.615385
-0.700000 -0.583333
-0.600000 -0.545455
-0.500000 -0.500000
-0.400000 -0.444444
-0.300000 -0.375000
-0.200000 -0.285714
-0.100000 -0.166667
-0.000000 -0.000000
0.100000 0.250000
0.200000 0.666667
0.300000 1.500000
0.400000 4.000000
0.500000 26648518505150.863281
0.600000 -6.000000
0.700000 -3.500000
0.800000 -2.666667
0.900000 -2.250000
1.000000 -2.000000
1.100000 -1.833333
1.200000 -1.714286
1.300000 -1.625000
1.400000 -1.555556
1.500000 -1.500000
1.600000 -1.454545
1.700000 -1.416667
1.800000 -1.384615
1.900000 -1.357143
2.000000 -1.333333
2.100000 -1.312500
2.200000 -1.294118
2.300000 -1.277778
2.400000 -1.263158
2.500000 -1.250000
2.600000 -1.238095
2.700000 -1.227273
2.800000 -1.217391
2.900000 -1.208333
3.000000 -1.200000
3.100000 -1.192308
3.200000 -1.185185
3.300000 -1.178571
3.400000 -1.172414
3.500000 -1.166667
3.600000 -1.161290
3.700000 -1.156250
3.800000 -1.151515
3.900000 -1.147059
4.000000 -1.142857
4.100000 -1.138889
4.200000 -1.135135
4.300000 -1.131579
4.400000 -1.128205
4.500000 -1.125000
4.600000 -1.121951
4.700000 -1.119048
4.800000 -1.116279
4.900000 -1.113636
5.000000 -1.111111
5.100000 -1.108696
5.200000 -1.106383
5.300000 -1.104167
5.400000 -1.102041
5.500000 -1.100000
5.600000 -1.098039
5.700000 -1.096154
5.800000 -1.094340
5.900000 -1.092593
6.000000 -1.090909
6.100000 -1.089286
6.200000 -1.087719
6.300000 -1.086207
6.400000 -1.084746
6.500000 -1.083333
6.600000 -1.081967
6.700000 -1.080645
6.800000 -1.079365
6.900000 -1.078125
7.000000 -1.076923
7.100000 -1.075758
7.200000 -1.074627
7.300000 -1.073529
7.400000 -1.072464
7.500000 -1.071429
7.600000 -1.070423
7.700000 -1.069444
7.800000 -1.068493
7.900000 -1.067568
8.000000 -1.066667
8.100000 -1.065789
8.200000 -1.064935
8.300000 -1.064103
8.400000 -1.063291
8.500000 -1.062500
8.600000 -1.061728
8.700000 -1.060976
8.800000 -1.060241
8.900000 -1.059524
9.000000 -1.058824
9.100000 -1.058140
9.200000 -1.057471
9.300000 -1.056818
9.400000 -1.056180
9.500000 -1.055556
9.600000 -1.054945
9.700000 -1.054348
9.800000 -1.053763
9.900000 -1.053191
10.000000 -1.052632
