-10.000000 -11.428571
-9.900000 -11.478261
-9.800000 -11.529412
-9.700000 -11.582090
-9.600000 -11.636364
-9.500000 -11.692308
-9.400000 -11.750000
-9.300000 -11.809524
-9.200000 -11.870968
-9.100000 -11.934426
-9.000000 -12.000000
-8.900000 -12.067797
-8.800000 -12.137931
-8.700000 -12.210526
-8.600000 -12.285714
-8.500000 -12.363636
-8.400000 -12.444444
-8.300000 -12.528302
-8.200000 -12.615385
-8.100000 -12.705882
-8.000000 -12.800000
-7.900000 -12.897959
-7.800000 -13.000000
-7.700000 -13.106383
-7.600000 -13.217391
-7.500000 -13.333333
-7.400000 -13.454545
-7.300000 -13.581395
-7.200000 -13.714286
-7.100000 -13.853659
-7.000000 -14.000000
-6.900000 -14.153846
-6.800000 -14.315789
-6.700000 -14.486486
-6.600000 -14.666667
-6.500000 -14.857143
-6.400000 -15.058824
-6.300000 -15.272727
-6.200000 -15.500000
-6.100000 -15.741935
-6.000000 -16.000000
-5.900000 -16.275862
-5.800000 -16.571429
-5.700000 -16.888889
-5.600000 -17.230769
-5.500000 -17.600000
-5.400000 -18.000000
-5.300000 -18.434783
-5.200000 -18.909091
-5.100000 -19.428571
-5.000000 -20.000000
-4.900000 -20.631579
-4.800000 -21.333333
-4.700000 -22.117647
-4.600000 -23.000000
-4.500000 -24.000000
-4.400000 -25.142857
-4.300000 -26.461538
-4.200000 -28.000000
-4.100000 -29.818182
-4.000000 -32.000000
-3.900000 -34.666667
-3.800000 -38.000000
-3.700000 -42.285714
-3.600000 -48.000000
-3.500000 -56.000000
-3.400000 -68.000000
-3.300000 -88.000000
-3.200000 -128.000000
-3.100000 -248.000000
-3.000000 -1181272033408654.750000
-2.900000 232.000000
-2.800000 112.000000
-2.700000 72.000000
-2.600000 52.000000
-2.500000 40.000000
-2.400000 32.000000
-2.300000 26.285714
-2.200000 22.000000
-2.100000 18.666667
-2.000000 16.000000
-1.900000 13.818182
-1.800000 12.000000
-1.700000 10.461538
-1.600000 9.142857
-1.500000 8.000000
-1.400000 7.000000
-1.300000 6.117647
-1.200000 5.333333
-1.100000 4.631579
-1.000000 4.000000
-0.900000 3.428571
-0.800000 2.909091
-0.700000 2.434783
-0.600000 2.000000
-0.500000 1.600000
-0.400000 1.230769
-0.300000 0.888889
-0.200000 0.571429
-0.100000 0.275862
-0.000000 0.000000
0.100000 -0.258065
0.200000 -0.500000
0.300000 -0.727273
0.400000 -0.941176
0.500000 -1.142857
0.600000 -1.333333
0.700000 -1.513514
0.800000 -1.684211
0.900000 -1.846154
1.000000 -2.000000
1.100000 -2.146341
1.200000 -2.285714
1.300000 -2.418605
1.400000 -2.545455
1.500000 -2.666667
1.600000 -2.782609
1.700000 -2.893617
1.800000 -3.000000
1.900000 -3.102041
2.000000 -3.200000
2.100000 -3.294118
2.200000 -3.384615
2.300000 -3.471698
2.400000 -3.555556
2.500000 -3.636364
2.600000 -3.714286
2.700000 -3.789474
2.800000 -3.862069
2.900000 -3.932203
3.000000 -4.000000
3.100000 -4.065574
3.200000 -4.129032
3.300000 -4.190476
3.400000 -4.250000
3.500000 -4.307692
3.600000 -4.363636
3.700000 -4.417910
3.800000 -4.470588
3.900000 -4.521739
4.000000 -4.571429
4.100000 -4.619718
4.200000 -4.666667
4.300000 -4.712329
4.400000 -4.756757
4.500000 -4.800000
4.600000 -4.842105
4.700000 -4.883117
4.800000 -4.923077
4.900000 -4.962025
5.000000 -5.000000
5.100000 -5.037037
5.200000 -5.073171
5.300000 -5.108434
5.400000 -5.142857
5.500000 -5.176471
5.600000 -5.209302
5.700000 -5.241379
5.800000 -5.272727
5.900000 -5.303371
6.000000 -5.333333
6.100000 -5.362637
6.200000 -5.391304
6.300000 -5.419355
6.400000 -5.446809
6.500000 -5.473684
6.600000 -5.500000
6.700000 -5.525773
6.800000 -5.551020
6.900000 -5.575758
7.000000 -5.600000
7.100000 -5.623762
7.200000 -5.647059
7.300000 -5.669903
7.400000 -5.692308
7.500000 -5.714286
7.600000 -5.735849
7.700000 -5.757009
7.800000 -5.777778
7.900000 -5.798165
8.000000 -5.818182
8.100000 -5.837838
8.200000 -5.857143
8.300000 -5.876106
8.400000 -5.894737
8.500000 -5.913043
8.600000 -5.931034
8.700000 -5.948718
8.800000 -5.966102
8.900000 -5.983193
9.000000 -6.000000
9.100000 -6.016529
9.200000 -6.032787
9.300000 -6.048780
9.400000 -6.064516
9.500000 -6.080000
9.600000 -6.095238
9.700000 -6.110236
9.800000 -6.125000
9.900000 -6.139535
10.000000 -6.153846
